strategic_region={
	id=141
	name="STRATEGICREGION_141"
	provinces={
		214
		890
		943
		1246
		1836
		2025
		2138
		3513
		3744
		3980
		4946
		5143
		5388
		5994
		6229
		6584
		6957
		7445
		7610
		7880
		8589
		9995
		10061
		10079
		10096
		10119
		10163
		10185
		10211
		10243
		10293
		10304
		10332
		10346
		10379
		10437
		10491
		10496
		13885
		13947
		14095
		14142
		14188
		14513
		14600
		14615
		14670
		14742
		14764
		14817
		14819
		14850
		14864
		14985
		15015
		15053
		15097
		15130
		15134
		15255
		15278
		15287
		15344
		15375
		15380
		15511
		15528
		15710
		15744
		15804
		15806
		15810
		15840
		16229
		16230
		16231
		16232
		16233
		16234
		16235
		16236
		16237
		16238
		16239
		16240
		16241
		16242
		16243
		16244
		16245
		16246
		16247
		16248
		16249
		16250
		16251
		16252
		16253
		16256
		16939
		16940
		16941
		16945
		16946
		16947
		16969
		16970
		16971
		16987
		16988
		16989
		16996
		16997
		16998
		17007
		17008
		17014
		17015
		17018
		17019
		17040
		17041
		17048
		17049
		17060
		17061
		17072
		17073
		17078
		17079
		17080
		17081
		17084
		17085
		17086
		17087
		17113
		17114
		17128
		17137
		17138
		17139
		17140
		17143
		17144
		17148
		17149
		17150
		17153
		17158
		17161
		17163
		17165
		17167
		17169
		17170
		17173
		17177
		17179
		17181
		17190
		17192
		17194
		}
	naval_terrain=water_fjords
	weather={
		period={
			between={ 0.0 29.5 }
			temperature={ -15.0 -5.0 }
			no_phenomenon=1.500
			rain_light=0.250
			rain_heavy=0.100
			snow=0.000
			blizzard=0.000
			arctic_water=0.000
			mud=0.000
			sandstorm=0.000
			min_snow_level=0.000
		}
		period={
			between={ 0.6 30.11 }
			temperature={ 5.0 20.0 }
			no_phenomenon=1.500
			rain_light=0.250
			rain_heavy=0.100
			snow=0.000
			blizzard=0.000
			arctic_water=0.000
			mud=0.000
			sandstorm=0.000
			min_snow_level=0.000
		}
	}
}
