strategic_region={
	id=145
	name="STRATEGICREGION_145"
	provinces={
		276
		288
		571
		590
		659
		750
		768
		1186
		1235
		1272
		1336
		1532
		1670
		2127
		2137
		2220
		2250
		2461
		2730
		3456
		3575
		3660
		3689
		4666
		5015
		5077
		5207
		5328
		5478
		5487
		5576
		5610
		5817
		5918
		6197
		6390
		6411
		6823
		6841
		6947
		6989
		7058
		7395
		7408
		7486
		7497
		7676
		8245
		8309
		8428
		8447
		8526
		9851
		9881
		9896
		9924
		9940
		9947
		9969
		9979
		9999
		10027
		10042
		10050
		10073
		10078
		10093
		10127
		10148
		10176
		10184
		10194
		10201
		10210
		10212
		10222
		10224
		10236
		10248
		10250
		10270
		10278
		10279
		10309
		10312
		10329
		10331
		10353
		10375
		10393
		10450
		10464
		10519
		16216
		16217
		16218
		16219
		16220
		16227
		16228
		16919
		16920
		16921
		16922
		16923
		16924
		16925
		16926
		16927
		16928
		16929
		16930
		16931
		16932
		16933
		16934
		16935
		16936
		16937
		16938
		16942
		16943
		16944
		16948
		16949
		16950
		16957
		16958
		16959
		16960
		16961
		16962
		16963
		16964
		16965
		16972
		16973
		16974
		16975
		16976
		16977
		16978
		16979
		16980
		16981
		16982
		16983
		16984
		16985
		16986
		16999
		17000
		17001
		17002
		17003
		17004
		17005
		17006
		17010
		17011
		17012
		17013
		17016
		17017
		17022
		17023
		17024
		17025
		17026
		17027
		17028
		17029
		17030
		17031
		17032
		17033
		17034
		17035
		17036
		17037
		17038
		17039
		17042
		17043
		17044
		17045
		17046
		17047
		17050
		17051
		17052
		17053
		17054
		17055
		17062
		17063
		17064
		17065
		17068
		17069
		17070
		17071
		17074
		17075
		17090
		17091
		17092
		17093
		17094
		17095
		17098
		17099
		17100
		17101
		17102
		17103
		17104
		17105
		17106
		17109
		17110
		17111
		17112
		17118
		17119
		17120
		17121
		17122
		17123
		17124
		17125
		17126
		17127
		17129
		17130
		17131
		17132
		17133
		17134
		17135
		17141
		17142
		17145
		17146
		17147
		17151
		17152
		17154
		17155
		17156
		17157
		17164
		17166
		17171
		17172
		17178
		17180
		17182
		17183
		17185
		17186
		17189
		}
	weather={
		period={
			between={ 0.0 29.5 }
			temperature={ -15.0 -5.0 }
			no_phenomenon=1.500
			rain_light=0.250
			rain_heavy=0.100
			snow=0.040
			blizzard=0.000
			arctic_water=0.000
			mud=0.000
			sandstorm=0.000
			min_snow_level=0.000
		}
		period={
			between={ 0.6 30.11 }
			temperature={ 5.0 33.0 }
			no_phenomenon=1.500
			rain_light=0.250
			rain_heavy=0.100
			snow=0.000
			blizzard=0.000
			arctic_water=0.000
			mud=0.000
			sandstorm=0.000
			min_snow_level=0.000
		}
	}
}
