strategic_region={
	id=51
	name="STRATEGICREGION_51"
	provinces={
		108
		120
		136
		446
		486
		569
		685
		734
		849
		863
		986
		1045
		1289
		1354
		1407
		1613
		1622
		1767
		1842
		1951
		2045
		2057
		2154
		2496
		2498
		2547
		2621
		2954
		3004
		3204
		3375
		3391
		3455
		3493
		3512
		3853
		3862
		3915
		3973
		4671
		4819
		4865
		4885
		4923
		5009
		5056
		5075
		5097
		5178
		5291
		5512
		5789
		5966
		6073
		6083
		6084
		6126
		6138
		6181
		6339
		6638
		6787
		6845
		6871
		7052
		7067
		7190
		7340
		7349
		7640
		7715
		7768
		7887
		8028
		8149
		8302
		8322
		8539
		8561
		8577
		8644
		8657
		10203
		10230
		10232
		10252
		10282
		10300
		10352
		10390
		10399
		10407
		10420
		10436
		10463
		10471
		10476
		10513
		10534
		10599
		10600
		10618
		10634
		10647
		10658
		10685
		10693
		10716
		10719
		10745
		10754
		10763
		10780
		10789
		10814
		10817
		10823
		10848
		10862
		10884
		10897
		17273
		17274
		17275
		17276
		17277
		17315
		17316
		17317
		17318
		17319
		17384
		17385
		17386
		17387
		17396
		17397
		17398
		17399
		17404
		17405
		17406
		17407
		17459
		17460
		17461
		17462
		17547
		17548
		17549
		17575
		17576
		17577
		17604
		17605
		17606
		17651
		17652
		17653
		17708
		17709
		17710
		17726
		17727
		17728
		17729
		17730
		17731
		17769
		17770
		17771
		17788
		17789
		17790
		17828
		17829
		17830
		17869
		17870
		17871
		17883
		17884
		17885
		17903
		17904
		17905
		17922
		17923
		17924
		17939
		17940
		17941
		17967
		17968
		17969
		17970
		17971
		17972
		17981
		17982
		17983
		17996
		17997
		17998
		18023
		18024
		18025
		18036
		18037
		18038
		18057
		18058
		18059
		18066
		18067
		18149
		18150
		18151
		18165
		18166
		18167
		18196
		18197
		18198
		18199
		18200
		18228
		18229
		18248
		18249
		18250
		18273
		18274
		18336
		18337
		18351
		18352
		18353
		18354
		18389
		18390
		18393
		18394
		18450
		18451
		18452
		18453
		18510
		18511
		18524
		18525
		18539
		18540
		18567
		18568
		18572
		18573
		18578
		18579
		18602
		18603
		18617
		18618
		18621
		18622
		18658
		18659
		18678
		18679
		18683
		18701
		18702
		18740
		18741
		18743
		18744
		18745
		18746
		18749
		18750
		18781
		18782
		18783
		18806
		18807
		18820
		18821
		18826
		18827
		18828
		18833
		18855
		18856
		18883
		18902
		18909
		18921
		18922
		18930
		18933
		18939
		18944
		18946
		18957
		18959
		18963
		18964
		18969
		18971
		18976
		18977
		18978
		18981
		18983
		18984
		18986
		18991
		18993
		19001
		19002
		19005
		19011
		19015
		19024
		19037
		19052
		19109
		19117
		19119
		19121
		}
	weather={
		period={
			between={ 0.0 29.5 }
			temperature={ -5.0 6.0 }
			no_phenomenon=1.500
			rain_light=0.250
			rain_heavy=0.100
			snow=0.100
			blizzard=0.000
			arctic_water=0.000
			mud=0.000
			sandstorm=0.000
			min_snow_level=0.000
		}
		period={
			between={ 0.6 30.11 }
			temperature={ 16.0 33.0 }
			no_phenomenon=1.500
			rain_light=0.250
			rain_heavy=0.100
			snow=0.000
			blizzard=0.000
			arctic_water=0.000
			mud=0.000
			sandstorm=0.000
			min_snow_level=0.000
		}
	}
}
