strategic_region={
	id=52
	name="STRATEGICREGION_52"
	provinces={
		667
		701
		1576
		1818
		1920
		2174
		2179
		2310
		2535
		2543
		2590
		2808
		2999
		3084
		3106
		3274
		3305
		3502
		3573
		3597
		3708
		3872
		3969
		4367
		4387
		4549
		4552
		4631
		4726
		4936
		4957
		5243
		5689
		6040
		6120
		6188
		6457
		6780
		6912
		7123
		7894
		8020
		8105
		8174
		8179
		8187
		8195
		8449
		8646
		10456
		10500
		10533
		10545
		10563
		10579
		10598
		10617
		10624
		10645
		10646
		10672
		10688
		10692
		10709
		10710
		10722
		10728
		10740
		10762
		10778
		10796
		10799
		10809
		10873
		10880
		10919
		17216
		17217
		17218
		17219
		17220
		17221
		17229
		17230
		17231
		17232
		17233
		17341
		17342
		17343
		17344
		17400
		17401
		17402
		17403
		17424
		17425
		17426
		17427
		17432
		17433
		17434
		17435
		17500
		17501
		17502
		17503
		17561
		17562
		17563
		17564
		17592
		17593
		17594
		17595
		17669
		17670
		17671
		17675
		17676
		17677
		17704
		17705
		17706
		17707
		17791
		17792
		17793
		17848
		17849
		17872
		17873
		17874
		17961
		17962
		17963
		17964
		17965
		17966
		17985
		17986
		17987
		17993
		17994
		17995
		18001
		18002
		18003
		18078
		18079
		18080
		18085
		18086
		18117
		18118
		18143
		18144
		18180
		18181
		18211
		18212
		18213
		18230
		18231
		18240
		18241
		18330
		18331
		18338
		18395
		18396
		18404
		18405
		18416
		18417
		18434
		18435
		18489
		18490
		18513
		18514
		18590
		18591
		18625
		18626
		18631
		18632
		18694
		18695
		18729
		18730
		18762
		18763
		18772
		18773
		18814
		18815
		18832
		18857
		18858
		18864
		18880
		18886
		18887
		18897
		18917
		18947
		18966
		19000
		19008
		19013
		19025
		19038
		19041
		19054
		19055
		19065
		19073
		19075
		19085
		19089
		}
	weather={
		period={
			between={ 0.0 29.5 }
			temperature={ -5.0 6.0 }
			no_phenomenon=1.500
			rain_light=0.250
			rain_heavy=0.100
			snow=0.050
			blizzard=0.000
			arctic_water=0.000
			mud=0.000
			sandstorm=0.000
			min_snow_level=0.000
		}
		period={
			between={ 0.6 30.11 }
			temperature={ 16.0 33.0 }
			no_phenomenon=1.500
			rain_light=0.250
			rain_heavy=0.100
			snow=0.000
			blizzard=0.000
			arctic_water=0.000
			mud=0.000
			sandstorm=0.000
			min_snow_level=0.000
		}
	}
}
