strategic_region={
	id=53
	name="STRATEGICREGION_53"
	provinces={
		95
		199
		253
		355
		363
		579
		690
		1007
		1115
		1515
		1616
		1642
		1894
		1991
		2038
		2178
		2225
		2230
		2436
		2564
		2893
		3128
		3428
		3517
		3607
		3670
		3698
		3719
		3941
		4371
		4383
		4425
		4469
		4592
		4613
		4652
		5330
		5342
		5462
		5609
		6114
		6123
		6170
		6333
		6487
		6589
		6937
		7107
		7224
		7244
		7342
		7439
		7799
		7924
		8151
		8273
		8325
		8709
		10052
		10167
		10169
		10173
		10192
		10206
		10218
		10233
		10240
		10241
		10253
		10254
		10258
		10259
		10261
		10265
		10268
		10272
		10283
		10291
		10292
		10301
		10302
		10308
		10314
		10335
		10336
		10339
		10344
		10345
		10358
		10374
		10386
		10408
		10412
		10425
		10431
		10440
		10482
		10511
		10514
		17234
		17235
		17236
		17237
		17238
		17278
		17279
		17280
		17281
		17416
		17417
		17418
		17419
		17451
		17452
		17453
		17454
		17484
		17485
		17486
		17487
		17581
		17582
		17583
		17584
		17607
		17608
		17609
		17616
		17617
		17618
		17648
		17649
		17650
		17715
		17716
		17717
		17746
		17747
		17748
		17761
		17762
		17763
		17782
		17783
		17784
		17819
		17820
		17821
		17859
		17860
		17861
		17866
		17867
		17868
		17889
		17890
		17891
		17912
		17913
		17930
		17931
		17932
		17947
		17948
		17952
		17953
		17954
		18034
		18035
		18070
		18071
		18072
		18073
		18074
		18075
		18076
		18077
		18131
		18132
		18173
		18174
		18215
		18216
		18222
		18223
		18232
		18233
		18266
		18267
		18289
		18290
		18306
		18307
		18359
		18360
		18363
		18364
		18365
		18370
		18371
		18381
		18382
		18436
		18437
		18442
		18443
		18457
		18458
		18482
		18483
		18486
		18487
		18516
		18517
		18518
		18519
		18520
		18521
		18526
		18527
		18549
		18550
		18551
		18552
		18561
		18562
		18582
		18583
		18608
		18609
		18627
		18628
		18640
		18641
		18648
		18649
		18652
		18653
		18668
		18669
		18715
		18716
		18727
		18728
		18731
		18732
		18776
		18777
		18796
		18805
		18818
		18819
		18878
		18888
		18889
		18906
		18912
		18937
		18973
		18988
		19010
		19029
		19060
		19061
		19063
		19070
		19071
		19081
		19097
		19099
		19100
		19112
		}
	weather={
		period={
			between={ 0.0 29.5 }
			temperature={ -5.0 12.0 }
			no_phenomenon=1.500
			rain_light=0.250
			rain_heavy=0.100
			snow=0.200
			blizzard=0.000
			arctic_water=0.000
			mud=0.000
			sandstorm=0.000
			min_snow_level=0.030
		}
		period={
			between={ 0.6 30.11 }
			temperature={ 16.0 33.0 }
			no_phenomenon=1.500
			rain_light=0.250
			rain_heavy=0.100
			snow=0.170
			blizzard=0.000
			arctic_water=0.000
			mud=0.000
			sandstorm=0.000
			min_snow_level=0.000
		}
	}
}
