strategic_region={
	id=55
	name="STRATEGICREGION_55"
	provinces={
		167
		972
		1438
		1474
		1990
		2158
		2191
		2214
		2337
		2368
		2484
		2774
		2843
		3002
		3026
		3301
		3532
		3568
		4157
		4279
		4331
		4508
		4667
		4872
		5450
		5705
		5757
		5996
		6105
		6441
		6458
		6488
		6516
		6837
		6929
		7146
		7204
		7529
		7629
		7661
		7844
		8243
		8304
		8416
		10501
		10525
		10541
		10549
		10569
		10570
		10580
		10603
		10604
		10607
		10619
		10659
		10661
		10669
		10698
		10714
		10725
		10742
		10746
		10764
		10765
		10781
		17196
		17197
		17198
		17199
		17200
		17201
		17202
		17222
		17223
		17224
		17225
		17226
		17332
		17333
		17334
		17335
		17336
		17480
		17481
		17482
		17483
		17585
		17586
		17587
		17589
		17590
		17591
		17639
		17640
		17641
		17660
		17661
		17662
		17686
		17687
		17688
		17711
		17712
		17713
		17737
		17738
		17739
		17758
		17759
		17760
		17776
		17777
		17778
		17785
		17786
		17787
		17800
		17801
		17802
		17803
		17804
		17805
		17988
		17989
		18087
		18088
		18090
		18091
		18092
		18115
		18116
		18128
		18129
		18130
		18170
		18171
		18257
		18258
		18275
		18276
		18323
		18324
		18361
		18362
		18379
		18380
		18383
		18384
		18385
		18386
		18402
		18403
		18418
		18419
		18460
		18461
		18464
		18465
		18467
		18468
		18559
		18560
		18563
		18564
		18654
		18655
		18674
		18675
		18686
		18687
		18717
		18718
		18760
		18824
		18825
		18830
		18831
		18874
		18875
		18898
		18899
		18900
		18901
		18929
		18934
		18951
		18952
		18965
		18967
		18974
		18989
		18990
		19006
		19026
		19032
		19094
		19095
		19101
		19105
		}
	weather={
		period={
			between={ 0.0 29.5 }
			temperature={ -5.0 12.0 }
			no_phenomenon=1.500
			rain_light=0.250
			rain_heavy=0.100
			snow=0.150
			blizzard=0.000
			arctic_water=0.000
			mud=0.000
			sandstorm=0.000
			min_snow_level=0.000
		}
		period={
			between={ 0.6 30.11 }
			temperature={ 16.0 33.0 }
			no_phenomenon=1.500
			rain_light=0.250
			rain_heavy=0.100
			snow=0.080
			blizzard=0.000
			arctic_water=0.000
			mud=0.000
			sandstorm=0.000
			min_snow_level=0.000
		}
	}
}
