strategic_region={
	id=56
	name="STRATEGICREGION_56"
	provinces={
		9
		114
		248
		641
		754
		803
		826
		1362
		1577
		1939
		2011
		2258
		2559
		2674
		2976
		3085
		3142
		3282
		3525
		3611
		4101
		4253
		4312
		4476
		4729
		4782
		4922
		4955
		5069
		5092
		5210
		5250
		5582
		5864
		5921
		6147
		6795
		6878
		7390
		7420
		7506
		7755
		7873
		8366
		8533
		10797
		10824
		10828
		10834
		10835
		10838
		10902
		10904
		10948
		10981
		11021
		11059
		16257
		17306
		17307
		17308
		17309
		17310
		17445
		17446
		17642
		17643
		17644
		17700
		17701
		17702
		17825
		17826
		17827
		17834
		17835
		17836
		18009
		18010
		18046
		18047
		18048
		18054
		18055
		18056
		18100
		18101
		18102
		18140
		18141
		18152
		18153
		18154
		18175
		18176
		18177
		18178
		18179
		18189
		18190
		18191
		18194
		18195
		18255
		18256
		18260
		18278
		18279
		18280
		18301
		18302
		18318
		18319
		18322
		18408
		18409
		18430
		18431
		18497
		18498
		18501
		18502
		18522
		18523
		18574
		18575
		18580
		18581
		18593
		18594
		18610
		18611
		18656
		18657
		18670
		18671
		18723
		18724
		18774
		18775
		18799
		18800
		18839
		18840
		18896
		18914
		18923
		18924
		18927
		18979
		19003
		19019
		19020
		19040
		19043
		19053
		19056
		19077
		19079
		19087
		}
	weather={
		period={
			between={ 0.0 29.5 }
			temperature={ 5.0 11.0 }
			no_phenomenon=1.500
			rain_light=0.250
			rain_heavy=0.100
			snow=0.110
			blizzard=0.000
			arctic_water=0.000
			mud=0.000
			sandstorm=0.000
			min_snow_level=0.000
		}
		period={
			between={ 0.6 30.11 }
			temperature={ 12.0 21.0 }
			no_phenomenon=1.500
			rain_light=0.250
			rain_heavy=0.100
			snow=0.000
			blizzard=0.000
			arctic_water=0.000
			mud=0.000
			sandstorm=0.000
			min_snow_level=0.000
		}
	}
}
