strategic_region={
	id=57
	name="STRATEGICREGION_57"
	provinces={
		15
		123
		620
		973
		1146
		1444
		1602
		1654
		1867
		1906
		2226
		2301
		3165
		3325
		3893
		4144
		4322
		4794
		4802
		4841
		4861
		5149
		5294
		5499
		5625
		5644
		5703
		5937
		6324
		6379
		6428
		6696
		6838
		6848
		7040
		7444
		7732
		8096
		8199
		8235
		8246
		8647
		8706
		9762
		9772
		9781
		9785
		9786
		9820
		9824
		9841
		9919
		9932
		9945
		9956
		9972
		9981
		10001
		10002
		10014
		10024
		10039
		10040
		10045
		10047
		10086
		10156
		17249
		17250
		17251
		17252
		17253
		17285
		17286
		17287
		17288
		17289
		17322
		17323
		17324
		17325
		17326
		17371
		17372
		17373
		17374
		17375
		17408
		17409
		17410
		17411
		17448
		17449
		17450
		17463
		17464
		17465
		17466
		17510
		17511
		17512
		17513
		17527
		17528
		17529
		17610
		17611
		17612
		17682
		17683
		17684
		17692
		17693
		17694
		17697
		17698
		17699
		17722
		17723
		17724
		17749
		17750
		17751
		17857
		17858
		17949
		17950
		17951
		18006
		18007
		18008
		18026
		18027
		18028
		18049
		18050
		18051
		18060
		18061
		18062
		18095
		18096
		18119
		18120
		18121
		18125
		18126
		18127
		18238
		18239
		18284
		18285
		18344
		18345
		18366
		18367
		18459
		18473
		18474
		18477
		18478
		18484
		18485
		18509
		18532
		18533
		18541
		18542
		18576
		18577
		18592
		18642
		18643
		18646
		18647
		18660
		18661
		18664
		18665
		18707
		18708
		18709
		18710
		18756
		18757
		18778
		18813
		18848
		18849
		18869
		18870
		18871
		18895
		18907
		18935
		18936
		18987
		19007
		19018
		19039
		}
	weather={
		period={
			between={ 0.0 29.5 }
			temperature={ -8.0 0.0 }
			no_phenomenon=1.500
			rain_light=0.250
			rain_heavy=0.100
			snow=0.220
			blizzard=0.000
			arctic_water=0.000
			mud=0.000
			sandstorm=0.000
			min_snow_level=0.060
		}
		period={
			between={ 0.6 30.11 }
			temperature={ 16.0 33.0 }
			no_phenomenon=1.500
			rain_light=0.250
			rain_heavy=0.100
			snow=0.200
			blizzard=0.000
			arctic_water=0.000
			mud=0.000
			sandstorm=0.000
			min_snow_level=0.050
		}
	}
}
