strategic_region={
	id=58
	name="STRATEGICREGION_58"
	provinces={
		301
		721
		766
		867
		915
		992
		1087
		1304
		1645
		1704
		1770
		2094
		2212
		2637
		3175
		3388
		3514
		3851
		4124
		4350
		4477
		4688
		4796
		5103
		5237
		5657
		6041
		6967
		7097
		7264
		7302
		7476
		7508
		7582
		7599
		7733
		7792
		8177
		8372
		10303
		10315
		10349
		10359
		10378
		10391
		10392
		10414
		10489
		10508
		10515
		10530
		10537
		10556
		10564
		10571
		10589
		10631
		10635
		10663
		10668
		17203
		17204
		17205
		17206
		17207
		17208
		17327
		17328
		17329
		17330
		17331
		17365
		17366
		17367
		17368
		17376
		17377
		17378
		17379
		17472
		17473
		17474
		17493
		17494
		17495
		17496
		17523
		17524
		17525
		17526
		17539
		17540
		17541
		17542
		17544
		17545
		17546
		17626
		17627
		17628
		17732
		17733
		17734
		17740
		17741
		17742
		17752
		17753
		17754
		17755
		17756
		17757
		17851
		17852
		17853
		17878
		17879
		17897
		17898
		17920
		17921
		17927
		17928
		17990
		17991
		17992
		18004
		18005
		18011
		18012
		18013
		18014
		18015
		18016
		18019
		18020
		18044
		18045
		18063
		18064
		18065
		18097
		18098
		18099
		18112
		18113
		18114
		18182
		18183
		18208
		18209
		18210
		18217
		18218
		18219
		18270
		18271
		18272
		18286
		18287
		18299
		18300
		18346
		18347
		18348
		18349
		18350
		18422
		18423
		18432
		18433
		18494
		18495
		18543
		18544
		18650
		18651
		18711
		18712
		18758
		18759
		18784
		18785
		18797
		18803
		18804
		18850
		18852
		18879
		18882
		18884
		18885
		18903
		18996
		19023
		19031
		19035
		19090
		19122
		}
	weather={
		period={
			between={ 0.0 29.5 }
			temperature={ -10.0 -5.0 }
			no_phenomenon=1.500
			rain_light=0.250
			rain_heavy=0.100
			snow=0.250
			blizzard=0.060
			arctic_water=0.000
			mud=0.000
			sandstorm=0.000
			min_snow_level=0.070
		}
		period={
			between={ 0.6 30.11 }
			temperature={ -5.0 10.0 }
			no_phenomenon=1.500
			rain_light=0.250
			rain_heavy=0.100
			snow=0.150
			blizzard=0.000
			arctic_water=0.000
			mud=0.000
			sandstorm=0.000
			min_snow_level=0.030
		}
	}
}
