strategic_region={
	id=59
	name="STRATEGICREGION_59"
	provinces={
		170
		497
		670
		1709
		1719
		2090
		2650
		2872
		3589
		3647
		3678
		3683
		3753
		4048
		4065
		4302
		4333
		4528
		4756
		4981
		5031
		5147
		5402
		5733
		5858
		6013
		6226
		6472
		7164
		7479
		7604
		7801
		8218
		8226
		8329
		8363
		8660
		10700
		10730
		10769
		10813
		10815
		10829
		10874
		10885
		10890
		10901
		10907
		10910
		10935
		10969
		10973
		11015
		11043
		17388
		17389
		17390
		17391
		17497
		17498
		17499
		17569
		17570
		17571
		17596
		17597
		17598
		17599
		17600
		17601
		17632
		17633
		17634
		17636
		17637
		17638
		17663
		17664
		17665
		17666
		17667
		17668
		17779
		17780
		17781
		17906
		17907
		17908
		17914
		17915
		17916
		18220
		18221
		18308
		18309
		18310
		18320
		18321
		18397
		18398
		18448
		18449
		18503
		18504
		18770
		18771
		18859
		18860
		18861
		18862
		18866
		18867
		18892
		18893
		18894
		18904
		18940
		18945
		18954
		18960
		18980
		18985
		18997
		18998
		19036
		19046
		19047
		19048
		19057
		19059
		19067
		19068
		19080
		19102
		19108
		}
	weather={
		period={
			between={ 0.0 29.5 }
			temperature={ 7.0 12.0 }
			no_phenomenon=1.400
			rain_light=0.250
			rain_heavy=0.100
			snow=0.060
			blizzard=0.000
			arctic_water=0.000
			mud=0.000
			sandstorm=0.000
			min_snow_level=0.000
		}
		period={
			between={ 0.6 30.11 }
			temperature={ 12.0 21.0 }
			no_phenomenon=1.170
			rain_light=0.250
			rain_heavy=0.100
			snow=0.000
			blizzard=0.000
			arctic_water=0.000
			mud=0.000
			sandstorm=0.000
			min_snow_level=0.000
		}
	}
}
