strategic_region={
	id=60
	name="STRATEGICREGION_60"
	provinces={
		13
		148
		730
		1067
		1508
		1609
		2528
		2940
		3156
		3854
		4206
		4260
		4465
		5256
		5812
		6081
		6185
		6206
		6531
		6617
		6660
		6735
		7020
		7903
		8029
		8344
		10049
		10060
		10063
		10072
		10095
		10110
		10121
		10137
		10157
		10170
		10174
		10179
		10182
		10234
		10235
		10255
		10277
		10337
		10340
		17254
		17255
		17256
		17257
		17301
		17302
		17303
		17304
		17305
		17337
		17338
		17339
		17340
		17428
		17429
		17430
		17431
		17504
		17505
		17506
		17507
		17550
		17551
		17552
		17553
		17559
		17560
		17764
		17765
		17766
		17797
		17798
		17799
		17806
		17807
		17846
		17847
		17875
		17876
		17877
		17900
		17901
		17902
		17979
		17980
		18160
		18161
		18203
		18204
		18205
		18342
		18343
		18438
		18439
		18455
		18456
		18555
		18556
		18600
		18601
		18688
		18689
		18698
		18699
		18703
		18704
		18725
		18726
		18779
		18780
		18786
		18787
		18788
		18789
		18868
		18872
		18873
		18877
		18915
		18961
		19016
		19034
		}
	weather={
		period={
			between={ 0.0 29.5 }
			temperature={ -8.0 0.0 }
			no_phenomenon=1.500
			rain_light=0.250
			rain_heavy=0.100
			snow=0.210
			blizzard=0.000
			arctic_water=0.000
			mud=0.000
			sandstorm=0.000
			min_snow_level=0.030
		}
		period={
			between={ 0.6 30.11 }
			temperature={ 16.0 33.0 }
			no_phenomenon=1.500
			rain_light=0.250
			rain_heavy=0.100
			snow=0.150
			blizzard=0.000
			arctic_water=0.000
			mud=0.000
			sandstorm=0.000
			min_snow_level=0.000
		}
	}
}
