strategic_region={
	id=61
	name="STRATEGICREGION_61"
	provinces={
		68
		129
		481
		717
		1103
		1118
		1160
		1194
		1303
		1325
		1358
		1604
		1785
		2032
		2109
		2134
		2406
		2446
		2575
		3000
		3019
		3062
		3202
		3352
		3363
		3668
		4737
		5269
		5280
		5415
		5774
		5964
		6396
		6503
		6523
		6540
		6558
		6706
		6868
		7055
		7315
		7658
		7726
		7779
		7921
		7929
		8221
		8228
		8409
		8478
		8672
		9609
		9633
		9656
		9670
		9720
		9740
		9753
		9755
		9756
		9760
		9792
		9793
		9816
		9837
		9843
		9856
		9903
		9905
		9908
		9922
		9984
		9994
		10033
		10034
		10068
		17209
		17210
		17211
		17212
		17213
		17214
		17215
		17244
		17245
		17246
		17247
		17248
		17258
		17259
		17260
		17261
		17262
		17263
		17264
		17265
		17266
		17267
		17357
		17358
		17359
		17360
		17392
		17393
		17394
		17395
		17467
		17468
		17469
		17490
		17491
		17492
		17514
		17515
		17516
		17520
		17521
		17522
		17613
		17614
		17615
		17623
		17624
		17625
		17645
		17646
		17647
		17672
		17673
		17674
		17816
		17817
		17818
		17840
		17841
		17842
		17854
		17855
		17856
		17862
		17863
		17864
		17917
		17918
		17919
		17933
		17934
		17935
		17936
		17937
		18052
		18053
		18110
		18111
		18122
		18123
		18133
		18168
		18169
		18206
		18207
		18234
		18235
		18242
		18243
		18244
		18245
		18246
		18247
		18261
		18262
		18268
		18269
		18304
		18305
		18357
		18358
		18412
		18413
		18428
		18429
		18440
		18441
		18480
		18481
		18537
		18538
		18604
		18605
		18638
		18639
		18662
		18663
		18713
		18714
		18736
		18737
		18742
		18761
		18794
		18795
		18811
		18812
		18822
		18823
		18841
		18844
		18863
		18865
		18925
		18926
		18949
		18955
		18956
		19045
		19051
		19072
		19082
		19093
		19116
		}
	weather={
		period={
			between={ 0.0 29.5 }
			temperature={ -8.0 0.0 }
			no_phenomenon=1.500
			rain_light=0.250
			rain_heavy=0.100
			snow=0.250
			blizzard=0.000
			arctic_water=0.000
			mud=0.000
			sandstorm=0.000
			min_snow_level=0.070
		}
		period={
			between={ 0.6 30.11 }
			temperature={ 16.0 33.0 }
			no_phenomenon=1.500
			rain_light=0.250
			rain_heavy=0.100
			snow=0.260
			blizzard=0.000
			arctic_water=0.000
			mud=0.000
			sandstorm=0.000
			min_snow_level=0.050
		}
	}
}
