strategic_region={
	id=62
	name="STRATEGICREGION_62"
	provinces={
		71
		352
		588
		822
		940
		1147
		1200
		1740
		2010
		2119
		2405
		2411
		2426
		2504
		2751
		2821
		3368
		3381
		3485
		3565
		3619
		3793
		3897
		3970
		4507
		4747
		4808
		5026
		5118
		5203
		5220
		5230
		5241
		5716
		5791
		5804
		5806
		5819
		5872
		5954
		6004
		6511
		6631
		6806
		6996
		7262
		7263
		7274
		7350
		7588
		7766
		7940
		7977
		8167
		8362
		9936
		9952
		9957
		9978
		10017
		10021
		10025
		10053
		10056
		10104
		10117
		10122
		10125
		10171
		10183
		10204
		10209
		10216
		10256
		10273
		10287
		10324
		10330
		10364
		10382
		10421
		16171
		17268
		17269
		17270
		17271
		17272
		17380
		17381
		17382
		17383
		17420
		17421
		17422
		17423
		17455
		17456
		17457
		17458
		17530
		17531
		17532
		17533
		17554
		17555
		17556
		17572
		17573
		17574
		17629
		17630
		17631
		17656
		17657
		17658
		17718
		17719
		17720
		17809
		17810
		17811
		17837
		17838
		17839
		17958
		17959
		17960
		17973
		17974
		17975
		17976
		17977
		17978
		18093
		18094
		18134
		18135
		18136
		18146
		18147
		18148
		18155
		18156
		18157
		18162
		18163
		18164
		18224
		18225
		18226
		18252
		18253
		18254
		18312
		18313
		18316
		18317
		18340
		18341
		18372
		18373
		18424
		18425
		18446
		18447
		18469
		18470
		18492
		18493
		18507
		18508
		18535
		18536
		18557
		18558
		18570
		18571
		18586
		18587
		18588
		18589
		18633
		18634
		18644
		18645
		18666
		18667
		18672
		18673
		18690
		18691
		18738
		18739
		18747
		18748
		18753
		18754
		18764
		18765
		18801
		18802
		18829
		18837
		18838
		18846
		18881
		18890
		18911
		18931
		18938
		18948
		18968
		18972
		18982
		19012
		19017
		19021
		19033
		19042
		19044
		19049
		19074
		19083
		19084
		19086
		19088
		19092
		19104
		19107
		19114
		}
	weather={
		period={
			between={ 0.0 29.5 }
			temperature={ -8.0 0.0 }
			no_phenomenon=1.500
			rain_light=0.250
			rain_heavy=0.100
			snow=0.200
			blizzard=0.000
			arctic_water=0.000
			mud=0.000
			sandstorm=0.000
			min_snow_level=0.020
		}
		period={
			between={ 0.6 30.11 }
			temperature={ 16.0 33.0 }
			no_phenomenon=1.500
			rain_light=0.250
			rain_heavy=0.100
			snow=0.100
			blizzard=0.000
			arctic_water=0.000
			mud=0.000
			sandstorm=0.000
			min_snow_level=0.000
		}
	}
}
