strategic_region={
	id=63
	name="STRATEGICREGION_63"
	provinces={
		684
		838
		1230
		1294
		1440
		1610
		2125
		2234
		2839
		2840
		3329
		3650
		3788
		3842
		3909
		4045
		4320
		4372
		4880
		5013
		5124
		5584
		5706
		5922
		6079
		6192
		6375
		6464
		6527
		6606
		6695
		6784
		7641
		7759
		8030
		8044
		8055
		8399
		8547
		8591
		8666
		9964
		9982
		10041
		10091
		10105
		10116
		10129
		10175
		10193
		10219
		10220
		10262
		10296
		10316
		10325
		10365
		10446
		10458
		10460
		10461
		10478
		17239
		17240
		17241
		17242
		17243
		17290
		17291
		17292
		17293
		17294
		17297
		17298
		17299
		17300
		17412
		17413
		17414
		17415
		17534
		17535
		17536
		17565
		17566
		17567
		17568
		17619
		17620
		17621
		17622
		17772
		17773
		17774
		17795
		17796
		17843
		17844
		17845
		17942
		17943
		17944
		18021
		18022
		18029
		18030
		18031
		18068
		18069
		18081
		18082
		18083
		18084
		18105
		18106
		18107
		18186
		18187
		18188
		18201
		18202
		18236
		18237
		18263
		18264
		18293
		18294
		18295
		18325
		18326
		18327
		18328
		18329
		18414
		18415
		18420
		18421
		18426
		18427
		18505
		18506
		18547
		18548
		18553
		18554
		18584
		18585
		18598
		18599
		18606
		18607
		18623
		18624
		18636
		18637
		18692
		18693
		18705
		18706
		18721
		18722
		18734
		18735
		18768
		18769
		18836
		18842
		18843
		18853
		18905
		18908
		18932
		18941
		18943
		18970
		18999
		19022
		19078
		19106
		}
	weather={
		period={
			between={ 0.0 29.5 }
			temperature={ -8.0 0.0 }
			no_phenomenon=1.500
			rain_light=0.250
			rain_heavy=0.100
			snow=0.200
			blizzard=0.000
			arctic_water=0.000
			mud=0.000
			sandstorm=0.000
			min_snow_level=0.000
		}
		period={
			between={ 0.6 30.11 }
			temperature={ 16.0 33.0 }
			no_phenomenon=1.500
			rain_light=0.250
			rain_heavy=0.100
			snow=0.140
			blizzard=0.000
			arctic_water=0.000
			mud=0.000
			sandstorm=0.000
			min_snow_level=0.000
		}
	}
}
