strategic_region={
	id=64
	name="STRATEGICREGION_64"
	provinces={
		25
		315
		508
		727
		873
		945
		1073
		1238
		1337
		1615
		2121
		2173
		2219
		2708
		2965
		3431
		3468
		3494
		3533
		3691
		3723
		3730
		3738
		3743
		3942
		4033
		4209
		4266
		4324
		4380
		4480
		4598
		4691
		4990
		5067
		5410
		5585
		5647
		5720
		5794
		5992
		6189
		6341
		7022
		7059
		7488
		7543
		7680
		7727
		7856
		7872
		8089
		8116
		8299
		8343
		8567
		8588
		8662
		9531
		9557
		9570
		9585
		9588
		9594
		9601
		9610
		9618
		9620
		9626
		9627
		9634
		9650
		9653
		9657
		9677
		9678
		9700
		9708
		9709
		9711
		9754
		9775
		9787
		9799
		9808
		9811
		9857
		9865
		9870
		9878
		9887
		9891
		9918
		9929
		9950
		16881
		16882
		16883
		16884
		17311
		17312
		17313
		17314
		17345
		17346
		17347
		17354
		17355
		17356
		17361
		17362
		17363
		17364
		17436
		17437
		17438
		17442
		17443
		17444
		17477
		17478
		17488
		17489
		17517
		17518
		17519
		17557
		17558
		17654
		17655
		17678
		17679
		17695
		17696
		17703
		17725
		17735
		17736
		17767
		17794
		17850
		17892
		17893
		17910
		18032
		18033
		18042
		18043
		18124
		18137
		18142
		18145
		18184
		18185
		18214
		18251
		18259
		18332
		18339
		18374
		18375
		18387
		18388
		18399
		18400
		18471
		18472
		18500
		18512
		18515
		18528
		18565
		18566
		18597
		18612
		18615
		18616
		18700
		18733
		18755
		18798
		18835
		18845
		18851
		18854
		18928
		18942
		18950
		19004
		}
	weather={
		period={
			between={ 0.0 29.5 }
			temperature={ -12.0 -5.0 }
			no_phenomenon=1.500
			rain_light=0.250
			rain_heavy=0.100
			snow=0.590
			blizzard=0.050
			arctic_water=0.000
			mud=0.000
			sandstorm=0.000
			min_snow_level=0.120
		}
		period={
			between={ 0.6 30.11 }
			temperature={ 16.0 33.0 }
			no_phenomenon=1.500
			rain_light=0.250
			rain_heavy=0.100
			snow=0.340
			blizzard=0.010
			arctic_water=0.000
			mud=0.000
			sandstorm=0.000
			min_snow_level=0.060
		}
	}
}
