strategic_region={
	id=65
	name="STRATEGICREGION_65"
	provinces={
		94
		186
		187
		307
		438
		524
		629
		917
		1174
		1259
		1475
		1496
		1531
		1557
		1607
		1718
		1998
		2116
		2123
		2672
		2865
		3064
		3376
		3528
		4057
		4080
		4143
		4173
		4376
		4427
		4948
		5058
		5128
		5181
		5225
		5226
		6216
		6305
		6519
		6528
		6672
		7427
		7469
		7576
		7701
		7776
		7928
		8094
		8118
		8198
		8269
		8429
		8670
		9068
		9092
		9111
		9131
		9155
		9166
		9173
		9176
		9195
		9236
		9284
		9298
		9306
		9326
		9338
		9358
		9365
		9380
		9383
		9393
		9406
		9416
		9426
		9427
		9461
		9480
		9487
		9500
		9538
		9563
		16880
		17227
		17228
		17320
		17321
		17348
		17349
		17350
		17351
		17352
		17353
		17369
		17370
		17537
		17538
		17659
		17680
		17681
		17685
		17721
		17743
		17744
		17745
		17808
		17815
		17865
		17925
		17929
		17938
		17955
		17956
		17957
		18089
		18138
		18227
		18265
		18277
		18288
		18291
		18303
		18311
		18335
		18406
		18454
		18466
		18479
		18488
		18496
		18499
		18810
		}
	weather={
		period={
			between={ 0.0 29.5 }
			temperature={ -32.0 -15.0 }
			no_phenomenon=1.500
			rain_light=0.250
			rain_heavy=0.100
			snow=0.600
			blizzard=0.170
			arctic_water=0.000
			mud=0.000
			sandstorm=0.000
			min_snow_level=0.000
		}
		period={
			between={ 0.6 30.11 }
			temperature={ -12.0 0.0 }
			no_phenomenon=1.500
			rain_light=0.250
			rain_heavy=0.100
			snow=0.450
			blizzard=0.100
			arctic_water=0.000
			mud=0.000
			sandstorm=0.000
			min_snow_level=0.000
		}
	}
}
