strategic_region={
	id=70
	name="STRATEGICREGION_70"
	provinces={
		122
		1555
		1870
		2210
		2354
		2400
		3397
		3632
		3705
		4276
		4670
		4943
		5144
		6495
		6541
		7299
		7632
		7822
		8141
		10755
		10772
		10773
		10807
		10818
		10844
		10905
		10912
		10913
		10933
		10938
		10947
		10953
		10985
		11016
		11017
		11030
		11034
		11035
		11044
		11053
		11083
		17578
		17579
		17580
		17689
		17690
		17691
		17812
		17813
		17814
		17880
		17881
		17882
		17886
		17887
		17888
		18108
		18109
		18192
		18193
		18314
		18315
		18333
		18334
		18530
		18531
		18613
		18614
		18619
		18620
		18676
		18677
		18681
		18682
		18684
		18685
		18751
		18752
		18808
		18816
		18817
		18834
		18891
		18920
		18953
		19028
		19062
		19064
		19103
		19110
		19113
		}
	weather={
		period={
			between={ 0.0 29.5 }
			temperature={ 7.0 12.0 }
			no_phenomenon=1.170
			rain_light=0.250
			rain_heavy=0.100
			snow=0.000
			blizzard=0.000
			arctic_water=0.000
			mud=0.000
			sandstorm=0.000
			min_snow_level=0.000
		}
		period={
			between={ 0.6 30.11 }
			temperature={ 12.0 21.0 }
			no_phenomenon=1.500
			rain_light=0.250
			rain_heavy=0.100
			snow=0.000
			blizzard=0.000
			arctic_water=0.000
			mud=0.000
			sandstorm=0.000
			min_snow_level=0.000
		}
	}
}
